:		-	Group	Binary	Binary	Group	Binary	Binary	Binary	Binary	Binary	Binary	Nominal	Nominal	Ordinal	Binary	Binary	Binary	Binary	Binary	Binary	Binary	Nominal	Binary	Binary	Nominal	Nominal	Binary	
Black	Dot	0	Periodo_Guane	Periodo_Preguane	Villanueva_Los_Santos_ocresobre_crema_negro	Oiba_rojo_sobre_amarillo_Curiti_poroso_Curiti_pasta_de_avema	Copas	Vasijas	Jarras_pequeñas	Ollas	Cuencos	Mucuras_Botellas	Medidas_Longitud_en_cm	Medidas_Diametro_en_cm	Función_1_Ritual_2_Domestica	Decoración	Figuras_zoomorfas_serpientes_ranas_jaguar	Espirales	Soles	Rombos_cuadrados	Figuras_en_formas_de_zigzag_	Triangulos	Numero_de_lineas_verticlaes	X	Lineas_en_la_base	Adicionoes_numero_de_asas	Incisiones	Presencia_de_mica	
#FF3B518A	Dot	42-IV-3764	0	1	1	0	0	1	0	0	0	0	10	18	0	1	0	0	0	0	0	0	0	0	0	1	0	1	
#FF3B518A	Dot	70-IV-3375	0	1	1	0	1	0	0	0	0	0	6,5	17	1	1	0	1	0	1	0	1	6	0	1	0	0	0	
#FF5BC862	Dot	70-IV-3417	0	1	0	1	0	1	0	0	0	0	8	8,6	0	1	0	0	0	0	0	0	0	0	0	2	0	0	
#FF3B518A	Dot	70-IV-3424	0	1	1	0	0	0	1	0	0	0	7,7	6,8	0	1	0	0	0	0	0	0	0	0	0	1	0	0	
#FF3B518A	Dot	89-V-50	0	1	1	0	0	0	0	0	1	0	7	11,7	0	1	0	0	0	0	0	0	0	0	0	0	1	0	
#FF3B518A	Dot	42-IV-3760	0	1	1	0	0	0	1	0	0	0	10	18	1	1	0	0	0	0	0	0	0	0	0	1	0	0	
#FF3B518A	Dot	70-IV-3426	0	1	1	0	0	0	1	0	0	0	9.8	9,5	0	1	0	1	0	0	0	0	0	0	0	1	0	0	
#FF3B518A	Dot	70-IV-3427	0	1	1	0	0	0	1	0	0	0	9,8	9,5	0	1	0	0	0	0	0	0	0	0	0	1	0	0	
#FF3B518A	Dot	G-78	0	1	1	0	0	0	0	1	0	0	8,5	8,2	0	1	0	0	0	0	0	0	0	0	0	2	0	0	
#FF3B518A	Dot	11325	1	0	1	0	0	0	0	1	0	0	13	15	0	1	0	0	0	0	0	1	0	0	0	2	0	0	
#FF3B518A	Dot	3378	1	0	1	0	1	0	0	0	0	0	13,8	12,5	1	1	0	0	0	0	0	1	4	0	0	0	0	0	
#FF3B518A	Dot	70-IV-3381	1	0	1	0	1	0	0	0	0	0	8	18	0	1	0	0	0	0	0	0	0	1	0	0	0	0	
#FF3B518A	Dot	70-IV-3393 	1	0	1	0	0	0	0	1	0	0	15	16,8	0	1	0	0	0	0	0	1	0	0	0	2	1	0	
#FF3B518A	Dot	70-IV-3403	1	0	1	0	1	0	0	0	0	0	7,6	16,3	1	1	0	1	0	0	0	1	6	0	1	0	0	0	
#FF3B518A	Dot	70-IV-3408	0	1	1	0	0	0	0	1	0	0	11	15,5	0	0	0	0	0	0	0	0	0	0	0	2	0	0	
#FF3B518A	Dot	70-IV-3409	1	0	1	0	1	0	0	0	0	0	7,5	15,4	0	1	0	0	0	0	0	0	3	1	0	0	0	0	
#FF3B518A	Dot	70-IV-3411	1	0	1	0	0	0	1	0	0	0	7,7	7,5	0	1	0	0	0	0	0	0	0	0	0	1	0	0	
#FF3B518A	Dot	70-IV-3420	1	0	1	0	0	0	1	0	0	0	6,4	5,8	0	1	0	0	0	0	0	0	0	0	0	1	0	0	
#FF3B518A	Dot	70-IV-3429	1	0	1	0	0	0	1	0	0	0	6,2	4,6	0	1	0	0	0	0	0	0	0	0	0	1	0	0	
#FF3B518A	Dot	70-IV-3380	1	0	1	0	1	0	0	0	0	0	6,2	12,3	1	1	0	1	0	0	0	1	20	0	0	0	0	0	
#FF3B518A	Dot	71-III-3532	1	0	1	0	1	0	0	0	0	0	10,3	17,7	1	1	0	0	0	1	1	0	6	0	0	0	0	0	
#FF3B518A	Dot	7603	1	0	1	0	1	0	0	0	0	0	12	22,5	0	1	0	0	0	0	0	0	6	1	0	0	0	0	
#FF3B518A	Dot	90-V-84	0	1	1	0	0	1	0	0	0	0	10,5	16,2	0	0	0	0	0	0	0	0	0	0	0	0	1	0	
#FF3B518A	Dot	G-27	1	0	1	0	1	0	0	0	0	0	8,4	10,3	0	1	0	1	0	1	0	0	0	0	0	0	0	0	
#FF3B518A	Dot	G-35	1	0	1	0	1	0	0	0	0	0	11,5	21	1	1	0	0	0	1	0	0	3	1	0	0	0	0	
#FF3B518A	Dot	G-36	1	0	1	0	1	0	0	0	0	0	10	13	0	1	0	1	0	0	0	1	0	1	0	0	0	0	
#FF3B518A	Dot	70-IV-3446	1	0	1	0	0	0	0	0	0	1	18	21	0	1	0	0	0	1	0	0	0	0	0	1	0	0	
#FF3B518A	Dot	90-IV-3418	1	0	1	0	0	0	0	0	1	0	4,5	6,9	0	1	0	0	0	0	0	0	0	0	0	0	0	0	
#FF3B518A	Dot	70-IV-3383	1	0	1	0	1	0	0	0	0	0	10	16	1	1	0	0	1	1	0	1	0	0	0	0	0	0	
#FF3B518A	Dot	88-X-73	1	0	1	0	1	0	0	0	0	0	9	15	1	1	0	1	0	0	0	1	3	0	1	0	0	0	
#FF3B518A	Dot	38-I-124	1	0	1	0	1	0	0	0	0	0	9	7,5	0	1	0	0	0	0	0	0	0	0	0	0	0	0	
#FF3B518A	Dot	G-42	1	0	1	0	1	0	0	0	0	0	9	14	0	1	0	0	0	0	0	1	0	0	0	2	0	0	
#FF3B518A	Dot	G-51	1	0	1	0	0	0	1	0	0	0	12,2	12,6	0	1	0	0	0	0	0	0	0	0	0	0	0	0	
#FF3B518A	Dot	G-31	1	0	1	0	1	0	0	0	0	0	8,2	14	0	1	0	1	0	0	0	1	0	1	0	0	0	0	
#FF3B518A	Dot	70-IV-3458	1	0	1	0	1	0	0	0	0	0	6,2	10,6	0	1	1	0	0	0	0	1	0	0	0	0	0	0	
#FF3B518A	Dot	70-IV-3459	0	1	1	0	0	0	0	1	0	0	8,7	10	2	0	0	0	0	0	0	0	0	0	0	2	1	0	
#FF3B518A	Dot	70-IV-3449	1	0	1	0	0	0	0	0	0	1	13,8	13,3	2	0	0	0	0	0	0	0	0	0	0	0	0	0	
#FF3B518A	Dot	G-50	0	1	1	0	0	0	0	1	0	0	14,3	16,7	2	0	0	0	0	0	0	0	0	0	0	2	0	0	
#FF3B518A	Dot	70-IV-3413	0	1	1	0	0	0	0	1	0	0	12,9	15	0	1	0	0	0	0	0	0	0	0	0	2	0	0	
#FF3B518A	Dot	70-IV-3427	1	0	1	0	0	0	1	0	0	0	9,8	9,5	0	1	0	0	0	0	0	0	0	0	0	1	0	0	
#FF5BC862	Dot	70-IV-3389	0	1	0	1	0	1	0	0	0	0	11,2	16,1	0	1	0	0	0	0	0	0	0	0	0	0	0	0	
#FF5BC862	Dot	71-III-3535	0	1	0	1	1	0	0	0	0	0	6	15,5	0	1	0	0	0	0	0	0	3	0	0	0	0	0	
#FF5BC862	Dot	G-48	0	1	0	1	0	1	0	0	0	0	14,5	15,5	2	0	0	0	0	0	0	0	0	0	0	0	2	0	
#FF5BC862	Dot	70-IV-3387	0	1	0	1	1	0	0	0	0	0	8,5	5	1	1	1	0	1	1	0	0	20	0	0	0	0	0	
#FF5BC862	Dot	70-IV-3392	0	1	0	1	0	1	0	0	0	0	19.5	12,6	0	1	0	0	0	0	0	0	0	0	0	0	1	0	
#FF5BC862	Dot	70-IV-3438	0	1	0	1	0	0	0	1	0	0	14	16,8	0	1	0	1	0	0	0	0	0	0	0	2	0	0	
#FF5BC862	Dot	93-IV-64	0	1	0	1	0	0	1	0	0	0	10	8	0	1	0	0	0	1	0	0	0	0	0	1	0	0	
#FF5BC862	Dot	93-IV-65	0	1	0	1	0	0	1	0	0	0	6,6	6	1	1	0	0	0	0	0	0	0	0	0	1	0	0	
#FF5BC862	Dot	70-IV-3342	1	0	0	1	1	0	0	0	0	0	10	20	0	1	0	1	0	1	0	1	0	1	0	0	0	0	
#FF5BC862	Dot	70-IV-3384	1	0	0	1	1	0	0	0	0	0	8,4	14,5	0	1	0	0	0	0	0	0	7	0	1	0	0	0	
#FF5BC862	Dot	70-IV-3452	1	0	0	1	1	0	0	0	0	0	8,2	15	2	0	0	0	0	0	0	0	0	0	0	0	0	0	
#FF5BC862	Dot	70-IV-3457	1	0	0	1	1	0	0	0	0	0	5	9,7	0	1	1	0	1	0	0	0	3	0	0	0	0	0	
#FF5BC862	Dot	G-27	1	0	0	1	1	0	0	0	0	0	11,4	18,6	0	1	0	0	0	1	0	0	0	0	0	0	0	0	
#FF5BC862	Dot	G-30	1	0	0	1	1	0	0	0	0	0	10,9	17,4	1	1	0	0	0	0	0	1	5	0	0	0	0	0	
#FF5BC862	Dot	G-55	1	0	0	1	1	0	0	0	0	0	8,1	12,1	0	1	1	0	1	1	0	0	0	1	0	0	0	0	
#FF5BC862	Dot	70-IV-3416	1	0	0	1	0	1	0	0	0	0	4	6,7	0	1	0	0	0	0	0	0	0	0	0	0	0	0	
#FF5BC862	Dot	G-98	1	0	0	1	1	0	0	0	0	0	8.5	9,8	0	1	1	0	0	0	0	0	0	0	0	0	0	0	
#FF5BC862	Dot	70-IV-3400	1	0	0	1	0	1	0	0	0	0	5	5,4	0	2	0	0	0	0	0	0	0	0	0	0	0	0	
#FF5BC862	Dot	89-VIII-98	1	0	0	1	0	0	1	0	0	0	7,1	6	0	1	0	0	0	0	0	0	0	0	0	1	0	0	
#FF5BC862	Dot	71-III-3555	1	0	0	1	0	0	0	1	0	0	9,5	7,9	1	1	1	0	0	1	0	0	0	0	0	2	0	0	
#FF5BC862	Dot	70-IV-3531	1	0	0	1	1	0	0	0	0	0	10,1	20	0	1	0	0	0	0	0	0	0	0	0	2	0	0	
#FF5BC862	Dot	70-IV-3425	1	0	0	1	0	0	1	0	0	0	5,6	5,9	0	1	0	0	0	0	0	0	0	0	0	1	0	0	
#FF5BC862	Dot	70-IV-3396	1	0	0	1	1	0	0	0	0	0	9	16	0	1	0	0	0	0	0	1	0	0	0	0	0	0	
#FF5BC862	Dot	G-28	1	0	0	1	1	0	0	0	0	0	9,5	13,5	0	1	0	1	0	1	0	1	0	1	0	0	0	0	
#FF5BC862	Dot	70-IV-3428	1	0	0	1	0	0	1	0	0	0	7,8	7,8	0	1	0	0	0	0	0	0	0	0	0	1	0	0	
#FF5BC862	Dot	71-III-3539	1	0	0	1	1	0	0	0	0	0	7,7	12,6	0	1	1	1	0	1	0	0	0	0	0	0	0	0	
#FF5BC862	Dot	G-14	1	0	0	1	1	0	0	0	0	0	9,5	21,5	0	1	1	1	0	1	0	0	0	1	0	0	0	0	
#FF5BC862	Dot	G-25	1	0	0	1	1	0	0	0	0	0	7,5	9,5	0	1	0	0	0	0	0	0	4	0	0	0	0	0	
#FF5BC862	Dot	71-III-3530	1	0	0	1	0	0	0	1	0	0	7,7	10,2	0	1	0	0	0	0	0	0	4	0	0	2	0	0	
#FF5BC862	Dot	G-3	1	0	0	1	1	0	0	0	0	0	7,9	15,3	0	0	0	0	0	1	1	0	0	0	1	0	0	0	
#FF5BC862	Dot	G-143	1	0	0	1	1	0	0	0	0	0	7,5	10,9	0	1	0	0	0	0	1	0	0	0	0	0	0	0	
#FF5BC862	Dot	70-IV-3445	1	0	0	1	1	0	0	0	0	0	7,3	10,8	0	1	0	0	0	1	0	1	0	0	0	0	0	0	
#FF5BC862	Dot	70-IV-3404	1	0	0	1	1	0	0	0	0	0	7,3	12,8	0	1	1	0	0	0	0	1	0	0	0	0	0	0	
<colwidths 80 80 80 128 80 80 80 80 80 80 80 80 80 80 80 80 80 80 80 80 80 80 80 80 80 80 >
