Periodo_Guane	Periodo_Preguane	Villanueva_Los_Santos_ocresobre_crema_negro	Oiba_rojo_sobre_amarillo_Curiti_poroso_Curiti_pasta_de_avema	Copas	Vasijas	Jarras_pequeñas	Ollas	Cuencos	Mucuras_Botellas	Medidas_Longitud_en_cm	Medidas_Diametro_en_cm	Función_1_Ritual_2_Domestica	Decoración	Figuras_zoomorfas_serpientes_ranas_jaguar	Espirales	Soles	Rombos_cuadrados	Figuras_en_formas_de_zigzag_	Triangulos	Numero_de_lineas_verticlaes	X	Lineas_en_la_base	Adicionoes_numero_de_asas	Incisiones	Presencia_de_mica
0	1	1	0	0	1	0	0	0	0	10	18	0	1	0	0	0	0	0	0	0	0	0	1	0	1
0	1	1	0	1	0	0	0	0	0	6,5	17	1	1	0	1	0	1	0	1	6	0	1	0	0	0
0	1	0	1	0	1	0	0	0	0	8	8,6	0	1	0	0	0	0	0	0	0	0	0	2	0	0
0	1	1	0	0	0	1	0	0	0	7,7	6,8	0	1	0	0	0	0	0	0	0	0	0	1	0	0
0	1	1	0	0	0	0	0	1	0	7	11,7	0	1	0	0	0	0	0	0	0	0	0	0	1	0
0	1	1	0	0	0	1	0	0	0	10	18	1	1	0	0	0	0	0	0	0	0	0	1	0	0
0	1	1	0	0	0	1	0	0	0	98	9,5	0	1	0	1	0	0	0	0	0	0	0	1	0	0
0	1	1	0	0	0	1	0	0	0	9,8	9,5	0	1	0	0	0	0	0	0	0	0	0	1	0	0
0	1	1	0	0	0	0	1	0	0	8,5	8,2	0	1	0	0	0	0	0	0	0	0	0	2	0	0
1	0	1	0	0	0	0	1	0	0	13	15	0	1	0	0	0	0	0	1	0	0	0	2	0	0
1	0	1	0	1	0	0	0	0	0	13,8	12,5	1	1	0	0	0	0	0	1	4	0	0	0	0	0
1	0	1	0	1	0	0	0	0	0	8	18	0	1	0	0	0	0	0	0	0	1	0	0	0	0
1	0	1	0	0	0	0	1	0	0	15	16,8	0	1	0	0	0	0	0	1	0	0	0	2	1	0
1	0	1	0	1	0	0	0	0	0	7,6	16,3	1	1	0	1	0	0	0	1	6	0	1	0	0	0
0	1	1	0	0	0	0	1	0	0	11	15,5	0	0	0	0	0	0	0	0	0	0	0	2	0	0
1	0	1	0	1	0	0	0	0	0	7,5	15,4	0	1	0	0	0	0	0	0	3	1	0	0	0	0
1	0	1	0	0	0	1	0	0	0	7,7	7,5	0	1	0	0	0	0	0	0	0	0	0	1	0	0
1	0	1	0	0	0	1	0	0	0	6,4	5,8	0	1	0	0	0	0	0	0	0	0	0	1	0	0
1	0	1	0	0	0	1	0	0	0	6,2	4,6	0	1	0	0	0	0	0	0	0	0	0	1	0	0
1	0	1	0	1	0	0	0	0	0	6,2	12,3	1	1	0	1	0	0	0	1	20	0	0	0	0	0
1	0	1	0	1	0	0	0	0	0	10,3	17,7	1	1	0	0	0	1	1	0	6	0	0	0	0	0
1	0	1	0	1	0	0	0	0	0	12	22,5	0	1	0	0	0	0	0	0	6	1	0	0	0	0
0	1	1	0	0	1	0	0	0	0	10,5	16,2	0	0	0	0	0	0	0	0	0	0	0	0	1	0
1	0	1	0	1	0	0	0	0	0	8,4	10,3	0	1	0	1	0	1	0	0	0	0	0	0	0	0
1	0	1	0	1	0	0	0	0	0	11,5	21	1	1	0	0	0	1	0	0	3	1	0	0	0	0
1	0	1	0	1	0	0	0	0	0	10	13	0	1	0	1	0	0	0	1	0	1	0	0	0	0
1	0	1	0	0	0	0	0	0	1	18	21	0	1	0	0	0	1	0	0	0	0	0	1	0	0
1	0	1	0	0	0	0	0	1	0	4,5	6,9	0	1	0	0	0	0	0	0	0	0	0	0	0	0
1	0	1	0	1	0	0	0	0	0	10	16	1	1	0	0	1	1	0	1	0	0	0	0	0	0
1	0	1	0	1	0	0	0	0	0	9	15	1	1	0	1	0	0	0	1	3	0	1	0	0	0
1	0	1	0	1	0	0	0	0	0	9	7,5	0	1	0	0	0	0	0	0	0	0	0	0	0	0
1	0	1	0	1	0	0	0	0	0	9	14	0	1	0	0	0	0	0	1	0	0	0	2	0	0
1	0	1	0	0	0	1	0	0	0	12,2	12,6	0	1	0	0	0	0	0	0	0	0	0	0	0	0
1	0	1	0	1	0	0	0	0	0	8,2	14	0	1	0	1	0	0	0	1	0	1	0	0	0	0
1	0	1	0	1	0	0	0	0	0	6,2	10,6	0	1	1	0	0	0	0	1	0	0	0	0	0	0
0	1	1	0	0	0	0	1	0	0	8,7	10	2	0	0	0	0	0	0	0	0	0	0	2	1	0
1	0	1	0	0	0	0	0	0	1	13,8	13,3	2	0	0	0	0	0	0	0	0	0	0	0	0	0
0	1	1	0	0	0	0	1	0	0	14,3	16,7	2	0	0	0	0	0	0	0	0	0	0	2	0	0
0	1	1	0	0	0	0	1	0	0	12,9	15	0	1	0	0	0	0	0	0	0	0	0	2	0	0
1	0	1	0	0	0	1	0	0	0	9,8	9,5	0	1	0	0	0	0	0	0	0	0	0	1	0	0
0	1	0	1	0	1	0	0	0	0	11,2	16,1	0	1	0	0	0	0	0	0	0	0	0	0	0	0
0	1	0	1	1	0	0	0	0	0	6	15,5	0	1	0	0	0	0	0	0	3	0	0	0	0	0
0	1	0	1	0	1	0	0	0	0	14,5	15,5	2	0	0	0	0	0	0	0	0	0	0	0	2	0
0	1	0	1	1	0	0	0	0	0	8,5	5	1	1	1	0	1	1	0	0	20	0	0	0	0	0
0	1	0	1	0	1	0	0	0	0	19.5	12,6	0	1	0	0	0	0	0	0	0	0	0	0	1	0
0	1	0	1	0	0	0	1	0	0	14	16,8	0	1	0	1	0	0	0	0	0	0	0	2	0	0
0	1	0	1	0	0	1	0	0	0	10	8	0	1	0	0	0	1	0	0	0	0	0	1	0	0
0	1	0	1	0	0	1	0	0	0	6,6	6	1	1	0	0	0	0	0	0	0	0	0	1	0	0
1	0	0	1	1	0	0	0	0	0	10	20	0	1	0	1	0	1	0	1	0	1	0	0	0	0
1	0	0	1	1	0	0	0	0	0	8,4	14,5	0	1	0	0	0	0	0	0	7	0	1	0	0	0
1	0	0	1	1	0	0	0	0	0	8,2	15	2	0	0	0	0	0	0	0	0	0	0	0	0	0
1	0	0	1	1	0	0	0	0	0	5	9,7	0	1	1	0	1	0	0	0	3	0	0	0	0	0
1	0	0	1	1	0	0	0	0	0	11,4	18,6	0	1	0	0	0	1	0	0	0	0	0	0	0	0
1	0	0	1	1	0	0	0	0	0	10,9	17,4	1	1	0	0	0	0	0	1	5	0	0	0	0	0
1	0	0	1	1	0	0	0	0	0	8,1	12,1	0	1	1	0	1	1	0	0	0	1	0	0	0	0
1	0	0	1	0	1	0	0	0	0	4	6,7	0	1	0	0	0	0	0	0	0	0	0	0	0	0
1	0	0	1	1	0	0	0	0	0	85	9,8	0	1	1	0	0	0	0	0	0	0	0	0	0	0
1	0	0	1	0	1	0	0	0	0	5	5,4	0	2	0	0	0	0	0	0	0	0	0	0	0	0
1	0	0	1	0	0	1	0	0	0	7,1	6	0	1	0	0	0	0	0	0	0	0	0	1	0	0
1	0	0	1	0	0	0	1	0	0	9,5	7,9	1	1	1	0	0	1	0	0	0	0	0	2	0	0
1	0	0	1	1	0	0	0	0	0	10,1	20	0	1	0	0	0	0	0	0	0	0	0	2	0	0
1	0	0	1	0	0	1	0	0	0	5,6	5,9	0	1	0	0	0	0	0	0	0	0	0	1	0	0
1	0	0	1	1	0	0	0	0	0	9	16	0	1	0	0	0	0	0	1	0	0	0	0	0	0
1	0	0	1	1	0	0	0	0	0	9,5	13,5	0	1	0	1	0	1	0	1	0	1	0	0	0	0
1	0	0	1	0	0	1	0	0	0	7,8	7,8	0	1	0	0	0	0	0	0	0	0	0	1	0	0
1	0	0	1	1	0	0	0	0	0	7,7	12,6	0	1	1	1	0	1	0	0	0	0	0	0	0	0
1	0	0	1	1	0	0	0	0	0	9,5	21,5	0	1	1	1	0	1	0	0	0	1	0	0	0	0
1	0	0	1	1	0	0	0	0	0	7,5	9,5	0	1	0	0	0	0	0	0	4	0	0	0	0	0
1	0	0	1	0	0	0	1	0	0	7,7	10,2	0	1	0	0	0	0	0	0	4	0	0	2	0	0
1	0	0	1	1	0	0	0	0	0	7,9	15,3	0	0	0	0	0	1	1	0	0	0	1	0	0	0
1	0	0	1	1	0	0	0	0	0	7,5	10,9	0	1	0	0	0	0	1	0	0	0	0	0	0	0
1	0	0	1	1	0	0	0	0	0	7,3	10,8	0	1	0	0	0	1	0	1	0	0	0	0	0	0
1	0	0	1	1	0	0	0	0	0	7,3	12,8	0	1	1	0	0	0	0	1	0	0	0	0	0	0
